dock1 
[
	[1, 1, 11, 1] col 0
	[1, 5, 11, 1] col 1
	[2, 5, 14, 21] col 2
	[1, 1, 1, 11] col 3
	[8, 1, 1, 11] col 4
	[1, 1, 1, 1] col 5
	[1, 1, 5, 5] col 6

]




Risky Exchange
[
	[30, 13, 5, 11, 5, 13, 1, 5, 13, 5, 60, 1, 1, 1, 11, 1],
	[1, 1, 1, 11, 52, 13, 11, 1, 13, 1, 4, 1, 1, 5, 11, 1],
	[3, 60, 1, 11, 1, 13, 11, 1, 13, 1, 1, 4, 2, 5, 14, 21],
	[10, 10, 10, 41, 1, 13, 11, 1, 41, 10, 10, 10, 1, 1, 1, 11],
	[3, 1, 1, 1, 6, 13, 11, 9, 1, 1, 1, 4, 8, 1, 1, 11],
	[12, 12, 12, 12, 12, 1, 1, 72, 72, 72, 72, 72, 1, 1, 1, 1],
	[10, 10, 10, 10, 10, 1, 1, 10, 10, 10, 10, 1, 1, 1, 5, 5], 
	[2, 50, 0, 0, 7, 13, 71, ]
]







Chop Shop Challenge
[
	[1, 13, 5, 11, 5, 1, 1, 5, 13, 5, 0, 30] col 0







]